4192 2015
5535 7984.1
2463 2681
4638.72 5276
3568.47 8465
-67 8587.14
-9355.45 878
-4479.69 -2225
-5894.87 -1541
1798 -3121.82
-9548 2117
-1742 -8510
-5435.64 1577
6833 8623.11
-1702 1203.71
9557.3 -7660.41
5052.07 -6330
-1207.36 5514
-3395.21 2756.5
-479 1145
251.069 771.57
-3966 6770
7307.08 2269.62
-8975 -8009
-3543 -8895.82
-4411 2320.38
3040 -522
8869.18 8955
-8232 -5175
7917.15 4866.74
9123 -6850
4413.65 2938
2795 1153.65
193.083 3267
7188.92 -2191.24
-9366.89 -9925.11
6546 -8550
-600 -2042.87
-5105.31 -1920.39
4314 -3272
5473 -7920
215.865 9500
-2291 9124.22
-6349.8 -660.279
5062.48 -3480
6682.86 8337
-3382 852.295
-9015.38 5657
195 -3548
447.662 -8120.34
-5228.27 -7629.86
5482 -8991
-2365 -6253
-1696.92 7495
6827.48 2405
-3177 -4842
-5424 -9981.44
-5695 3028
-2555 4502.76
-2075.43 7815
-8410 5138.17
9460 811
5575.87 5666
3795.1 2060
2278.97 6862.59
4976.23 3258.39
7286 -135
5356.38 -5285
2978 -6358.86
-5790 -4428.7
-9496 -390
-2538.65 -2343.52
-1044 -8778.11
2565.7 -5769.79
-4281.72 4493.69
-4961.91 -5604
-287.995 7989.88
4263.43 7744.36
7281.27 -4442.04
5138.34 7611
-1396 764
-7195.07 -4268.28
-5243 4819
-2636 2087.32
1441 -9424.05
-5016 -6304
5443.64 6644.15
-5213.75 -5493.23
-9238.53 -6626.11
7667 6249
9827.2 -8902.2
-8849 -8264.7
-1296 3192
-9060.51 -5207.39
-8458 4899.13
-4995.89 9039.41
3687 -7654.55
8976.46 -2610
-7650.69 -4142
5083 -2945
