-1.09 -8.35
-9.62 -7.06
5.35 -6.16
5.07 -4.80
7.86 -2.86
-3.01 -9.87
-3.67 -4.99
6.40 5.12
-4.10 2.51
0.96 -7.66
5.77 4.09
-8.96 -5.25
-1.89 -8.54
8.15 2.92
4.28 -5.42
-4.04 2.34
-5.02 5.56
6.23 -1.75
4.40 2.06
-0.86 -6.78
-0.15 -9.40
-6.19 -5.54
-7.51 -2.26
2.10 -3.39
-6.69 -3.62
-8.72 5.57
-7.16 -4.92
-3.73 1.46
6.72 -5.14
-0.64 -6.64
0.86 -7.16
-0.91 5.84
4.16 3.41
-5.11 -0.37
-5.84 1.93
-8.74 -9.07
1.57 -9.20
-4.54 -2.15
-5.16 -8.34
-0.75 -2.57
3.98 1.18
-1.95 7.02
3.50 -9.38
4.08 7.66
-1.16 -7.18
1.51 2.86
-4.12 1.37
6.35 -0.30
8.52 -8.50
-6.95 -7.87
-5.74 -0.03
-2.18 8.43
9.89 0.69
-7.26 5.43
9.14 6.97
-6.57 -8.17
1.57 -4.97
1.00 9.64
5.15 3.48
6.65 4.23
1.67 -8.31
-5.93 5.59
3.27 -1.34
5.40 -8.65
4.98 7.12
-6.55 -2.83
2.78 -8.27
8.45 -5.91
-5.20 -7.38
4.13 -7.61